309 -772 0
-437 -499 1
-543 -715 2
508 -791 3
385 516 4
827 116 5
-822 209 6
-136 -935 7
-553 -524 8
34 232 9
-946 149 10
-593 466 11
330 436 12
116 -141 13
-549 -81 14
206 -431 15
650 -674 16
429 -135 17
-304 -431 18
-682 -560 19
-311 -791 20
-811 -222 21
-802 -265 22
735 -296 23
236 -459 24
494 -60 25
98 -745 26
-225 -839 27
130 -400 28
698 287 29
266 813 30
764 -260 31
182 -607 32
442 -858 33
-907 354 34
-534 583 35
-408 -837 36
751 -524 37
-222 -431 38
-72 301 39
708 -253 40
-667 -242 41
-273 -571 42
372 -454 43
399 327 44
-854 247 45
300 -650 46
93 493 47
-499 -666 48
-54 -223 49
