-247 -494 0
-672 -1357 1
956 -2240 2
-709 -595 3
-872 1964 4
936 -695 5
-222 -2447 6
-1193 962 7
287 -224 8
-1227 -737 9
257 -1663 10
-1741 612 11
-1708 440 12
317 2445 13
-334 -2145 14
1263 1892 15
-1478 600 16
-99 462 17
2229 -925 18
-634 -130 19
-1847 -593 20
-1673 613 21
-223 1214 22
488 -1168 23
532 410 24
-784 -313 25
-1099 1875 26
-495 -1162 27
1286 608 28
-289 2062 29
-701 156 30
-2042 -624 31
-2238 84 32
786 -307 33
-1958 -772 34
2146 77 35
-759 1589 36
741 1258 37
-1330 -331 38
-1357 -480 39
-348 2288 40
1009 2280 41
771 465 42
-704 -1367 43
1674 1542 44
-1602 -1248 45
-1190 958 46
652 626 47
1834 -441 48
-1562 1898 49
