-1398 -374 0
-497 -586 1
-929 -1081 2
1271 733 3
-1144 918 4
228 -1370 5
-605 -548 6
569 965 7
732 218 8
-598 339 9
913 -361 10
1359 231 11
-107 -362 12
-864 -619 13
-122 -1082 14
-1121 56 15
-1104 -30 16
-92 972 17
-417 -1323 18
696 -989 19
50 -1178 20
761 -300 21
1074 1033 22
-19 864 23
1208 -567 24
-315 -1174 25
-547 -1087 26
56 -362 27
357 1103 28
-6 -834 29
16 -45 30
-642 1245 31
-407 1374 32
1100 -800 33
-498 -831 34
393 54 35
-395 1121 36
-601 1304 37
-172 -1271 38
-562 -1369 39
-208 143 40
-404 -1229 41
-636 823 42
1440 -212 43
-630 1184 44
544 120 45
1133 379 46
-915 -416 47
-929 -490 48
799 707 49
-424 894 50
254 890 51
135 -18 52
-602 -934 53
587 521 54
-1051 -874 55
1070 -845 56
1287 229 57
76 63 58
940 417 59
667 -471 60
699 -408 61
1125 -107 62
-1044 -298 63
280 -853 64
-422 550 65
-769 579 66
-278 1117 67
579 994 68
-686 -874 69
31 -839 70
709 672 71
-173 501 72
-14 -241 73
-520 -1263 74
-514 823 75
-1217 681 76
-985 -975 77
1202 446 78
751 -824 79
-415 661 80
984 233 81
-633 708 82
-224 134 83
29 294 84
619 349 85
-1005 -485 86
-580 -1238 87
-116 -1414 88
909 768 89
-558 910 90
-563 -1224 91
-1372 -147 92
-1210 605 93
-526 -360 94
1240 488 95
-623 708 96
838 860 97
436 -505 98
437 167 99
-721 -1114 100
265 -49 101
234 183 102
149 1482 103
-111 -1053 104
-482 -716 105
-721 696 106
337 -926 107
228 -749 108
-360 394 109
-477 -1192 110
315 754 111
1171 714 112
-532 -819 113
164 489 114
471 -625 115
142 -1260 116
-826 52 117
-1492 99 118
-414 363 119
-332 232 120
776 1211 121
-866 -723 122
-285 -609 123
720 -1251 124
-216 -1266 125
452 559 126
675 -856 127
-1268 580 128
-1172 -739 129
-537 153 130
-1009 833 131
-492 871 132
217 1192 133
890 815 134
641 -205 135
-432 -664 136
-214 -523 137
-413 121 138
1143 -272 139
372 -205 140
377 1044 141
806 -1091 142
-1200 702 143
-627 572 144
-414 -958 145
-71 -1219 146
-500 13 147
-333 -854 148
294 725 149
