619 -1544 0
-874 -997 1
-1086 -1429 2
1016 -1581 3
771 1033 4
1654 233 5
-1644 418 6
-272 -1870 7
-1105 -1048 8
69 465 9
-1892 298 10
-1186 932 11
661 872 12
232 -282 13
-1098 -161 14
413 -861 15
1300 -1347 16
859 -269 17
-607 -862 18
-1364 -1119 19
-622 -1582 20
-1621 -444 21
-1604 -530 22
1471 -592 23
472 -917 24
988 -119 25
196 -1489 26
-450 -1678 27
261 -800 28
1397 574 29
533 1626 30
1529 -519 31
364 -1213 32
885 -1716 33
-1813 708 34
-1067 1166 35
-815 -1674 36
1503 -1047 37
-444 -862 38
-143 603 39
1416 -506 40
-1334 -484 41
-545 -1142 42
745 -907 43
799 654 44
-1708 495 45
600 -1300 46
187 986 47
-998 -1331 48
-107 -446 49
621 818 50
281 -1101 51
804 -672 52
1452 1147 53
-1062 1366 54
-708 -357 55
-904 -1729 56
1862 323 57
1589 940 58
-712 -1130 59
684 44 60
-380 1623 61
1745 633 62
-121 -1415 63
-916 -1429 64
-990 1051 65
299 207 66
-924 1059 67
394 -246 68
1677 390 69
-365 -518 70
-1102 -1434 71
87 21 72
-1628 1095 73
570 -1345 74
1244 787 75
-271 442 76
-1740 -424 77
-437 440 78
-83 167 79
266 1525 80
786 952 81
-1531 792 82
1624 199 83
1075 -908 84
1148 625 85
-607 -1544 86
-798 -220 87
-1353 -142 88
957 1587 89
947 -922 90
1980 50 91
1120 -1269 92
79 1738 93
561 -778 94
1447 617 95
79 494 96
-1186 -1374 97
-469 1123 98
-1339 209 99
