-2796 -747 0
-994 -1172 1
-1857 -2161 2
2543 1467 3
-2288 1837 4
456 -2740 5
-1209 -1095 6
1139 1931 7
1464 436 8
-1195 679 9
1827 -722 10
2719 462 11
-213 -724 12
-1727 -1237 13
-243 -2163 14
-2241 112 15
-2208 -60 16
-183 1945 17
-834 -2645 18
1392 -1978 19
100 -2355 20
1522 -599 21
2149 2066 22
-38 1729 23
2417 -1134 24
-630 -2347 25
-1093 -2173 26
113 -723 27
714 2207 28
-12 -1668 29
32 -90 30
-1284 2490 31
-813 2749 32
2201 -1599 33
-995 -1662 34
786 108 35
-789 2242 36
-1201 2608 37
-344 -2542 38
-1124 -2738 39
-416 286 40
-807 -2458 41
-1272 1646 42
2881 -423 43
-1259 2369 44
1089 241 45
2266 758 46
-1830 -831 47
-1857 -980 48
1598 1415 49
-848 1788 50
509 1780 51
271 -35 52
-1204 -1867 53
1174 1042 54
-2102 -1748 55
2140 -1690 56
2574 458 57
152 126 58
1881 834 59
1334 -941 60
1398 -815 61
2250 -214 62
-2087 -596 63
561 -1705 64
-843 1100 65
-1537 1158 66
-556 2234 67
1158 1988 68
-1371 -1748 69
63 -1677 70
1418 1344 71
-345 1002 72
-27 -481 73
-1039 -2526 74
-1027 1647 75
-2434 1363 76
-1970 -1949 77
2404 893 78
1503 -1648 79
-829 1322 80
1969 466 81
-1265 1417 82
-447 268 83
59 588 84
1239 698 85
-2009 -970 86
-1160 -2476 87
-231 -2828 88
1819 1537 89
-1115 1820 90
-1125 -2448 91
-2743 -294 92
-2420 1211 93
-1051 -719 94
2480 976 95
-1245 1417 96
1677 1720 97
872 -1010 98
874 334 99
-1441 -2228 100
531 -98 101
469 367 102
298 2965 103
-221 -2105 104
-964 -1431 105
-1442 1393 106
675 -1852 107
456 -1497 108
-719 789 109
-954 -2383 110
630 1508 111
2342 1428 112
-1064 -1638 113
329 978 114
943 -1249 115
285 -2520 116
-1652 104 117
-2983 198 118
-828 727 119
-664 465 120
1552 2422 121
-1732 -1445 122
-570 -1217 123
1441 -2501 124
-431 -2532 125
905 1119 126
1350 -1711 127
-2535 1160 128
-2344 -1478 129
-1074 307 130
-2018 1666 131
-984 1742 132
434 2385 133
1781 1630 134
1282 -409 135
-864 -1327 136
-427 -1045 137
-825 242 138
2287 -543 139
745 -410 140
754 2088 141
1612 -2181 142
-2400 1404 143
-1254 1144 144
-828 -1915 145
-141 -2437 146
-999 27 147
-666 -1708 148
589 1450 149
2763 -522 150
2471 1543 151
-548 2434 152
-2152 -1900 153
-834 -2055 154
-2124 1532 155
-1727 -769 156
-692 1954 157
-192 -1333 158
-838 1140 159
1002 -943 160
2196 469 161
-734 -2639 162
-2971 -268 163
-1929 2219 164
-855 -1677 165
619 1519 166
2780 503 167
24 1771 168
1526 -1787 169
520 -1956 170
-2658 -475 171
-13 -2674 172
-69 -1280 173
2587 -956 174
-103 1586 175
329 2084 176
-1734 -1061 177
-1669 -1550 178
377 -2797 179
-1531 -279 180
372 2487 181
-968 -815 182
-2115 133 183
-2683 855 184
-1178 -1366 185
770 -136 186
-500 -1136 187
2406 -1418 188
264 -311 189
-718 -2432 190
-714 -124 191
2255 1173 192
274 2566 193
1392 -288 194
-861 -1538 195
1756 -826 196
1887 559 197
-169 2968 198
-431 574 199
1966 1189 200
-2053 155 201
1723 -1443 202
-914 -2637 203
2806 572 204
1410 2626 205
-1386 -17 206
533 -2427 207
2441 -296 208
2104 -429 209
2896 -540 210
1154 -467 211
2463 345 212
-328 296 213
2711 -578 214
1541 -1958 215
-1429 444 216
2447 105 217
2548 -1575 218
2042 1662 219
-535 326 220
-511 -650 221
-1279 521 222
1751 1969 223
2363 -361 224
809 619 225
622 2534 226
-1250 1187 227
876 -1610 228
-676 1222 229
2072 -255 230
-2235 -1076 231
2511 -458 232
-1160 -1369 233
-2622 -995 234
892 2007 235
-2404 730 236
395 2159 237
1715 -1408 238
145 1049 239
273 -1002 240
-1792 2374 241
-2127 482 242
-1208 -1560 243
2700 1243 244
805 -2589 245
1566 -959 246
-2006 739 247
-1908 806 248
2468 1351 249
1578 1877 250
-401 625 251
1135 495 252
1488 652 253
-1697 888 254
686 -877 255
-975 2223 256
-729 1270 257
969 2134 258
-1041 -751 259
603 -2366 260
2845 -660 261
-1080 -775 262
-249 -381 263
1424 -2340 264
-1867 -1765 265
-1106 137 266
-2474 398 267
339 -290 268
1445 816 269
406 -2490 270
-1306 441 271
190 1784 272
1716 116 273
-119 -554 274
194 432 275
1409 1473 276
1941 -1194 277
999 -1203 278
-765 570 279
978 -2763 280
185 -247 281
312 2932 282
-1648 828 283
-1955 2097 284
227 1848 285
1623 2431 286
2265 511 287
-1889 782 288
-1512 -2589 289
-869 105 290
-319 -1267 291
724 -323 292
-236 105 293
-721 453 294
-934 -2330 295
852 -2842 296
1418 -2574 297
-134 -1164 298
-2746 -975 299
