-2796 -747 0
-994 -1172 1
-1857 -2161 2
2543 1467 3
-2288 1837 4
456 -2740 5
-1209 -1095 6
1139 1931 7
1464 436 8
-1195 679 9
1827 -722 10
2719 462 11
-213 -724 12
-1727 -1237 13
-243 -2163 14
-2241 112 15
-2208 -60 16
-183 1945 17
-834 -2645 18
1392 -1978 19
100 -2355 20
1522 -599 21
2149 2066 22
-38 1729 23
2417 -1134 24
-630 -2347 25
-1093 -2173 26
113 -723 27
714 2207 28
-12 -1668 29
32 -90 30
-1284 2490 31
-813 2749 32
2201 -1599 33
-995 -1662 34
786 108 35
-789 2242 36
-1201 2608 37
-344 -2542 38
-1124 -2738 39
-416 286 40
-807 -2458 41
-1272 1646 42
2881 -423 43
-1259 2369 44
1089 241 45
2266 758 46
-1830 -831 47
-1857 -980 48
1598 1415 49
