1711 563 0
1424 111 1
1250 684 2
685 -1465 3
-640 244 4
1313 -300 5
1122 1041 6
1442 -148 7
260 -1523 8
-324 1468 9
492 -1090 10
-1306 386 11
-740 -1004 12
361 548 13
1334 333 14
984 599 15
-538 -1263 16
-445 1247 17
715 52 18
882 -1564 19
208 -861 20
611 563 21
-240 -273 22
1679 438 23
250 -1834 24
352 640 25
-1216 1020 26
532 66 27
-1255 1177 28
1212 -306 29
-1659 -701 30
-785 961 31
-833 1256 32
-873 -399 33
436 -297 34
1564 -488 35
-1479 -23 36
-1293 -994 37
1388 713 38
-1150 -300 39
729 -1223 40
537 364 41
442 1783 42
-524 1330 43
937 -1706 44
-1117 16 45
-605 626 46
-77 -564 47
1166 965 48
17 1306 49
