-247 -494 0
-672 -1357 1
956 -2240 2
-709 -595 3
-872 1964 4
936 -695 5
-222 -2447 6
-1193 962 7
287 -224 8
-1227 -737 9
257 -1663 10
-1741 612 11
-1708 440 12
317 2445 13
-334 -2145 14
1263 1892 15
-1478 600 16
-99 462 17
2229 -925 18
-634 -130 19
-1847 -593 20
-1673 613 21
-223 1214 22
488 -1168 23
532 410 24
-784 -313 25
-1099 1875 26
-495 -1162 27
1286 608 28
-289 2062 29
-701 156 30
-2042 -624 31
-2238 84 32
786 -307 33
-1958 -772 34
2146 77 35
-759 1589 36
741 1258 37
-1330 -331 38
-1357 -480 39
-348 2288 40
1009 2280 41
771 465 42
-704 -1367 43
1674 1542 44
-1602 -1248 45
-1190 958 46
652 626 47
1834 -441 48
-1562 1898 49
-315 286 50
-1587 -96 51
1061 -1205 52
-343 1600 53
-1037 1658 54
-1629 -56 55
-871 -1248 56
563 -1177 57
155 1502 58
473 19 59
-539 -2026 60
-527 2147 61
1481 -1934 62
1863 -1470 63
-1449 1393 64
2003 -1148 65
-329 1822 66
-765 1917 67
-853 53 68
768 559 69
1088 1739 70
1198 -1509 71
-470 -660 72
-1976 269 73
2037 -615 74
2320 -696 75
-2018 -625 76
206 -1920 77
1711 -551 78
-219 1476 79
-745 1917 80
-510 1374 81
834 -941 82
-1728 -1706 83
1031 402 84
969 867 85
1325 -2057 86
798 279 87
-1605 -464 88
-931 -942 89
1893 1175 90
-1352 956 91
-997 -219 92
1289 -454 93
-1883 1130 94
-564 -1138 95
829 1478 96
1443 -749 97
785 -2020 98
-1152 604 99
-328 1227 100
-164 965 101
-1232 -945 102
-70 -717 103
69 -2032 104
1405 1619 105
1850 -1211 106
-1844 -978 107
-1944 -574 108
807 -1518 109
2166 -484 110
934 2281 111
91 -364 112
-827 73 113
-545 -325 114
742 -1428 115
-43 1245 116
90 -1906 117
-754 1644 118
-328 -1415 119
359 -1937 120
-499 527 121
-166 -1208 122
1089 1950 123
-22 1833 124
-48 -1652 125
-1400 -334 126
-1555 -1624 127
2032 -1227 128
-269 -192 129
308 -833 130
-338 1640 131
1502 -443 132
969 -234 133
232 -1429 134
-355 -1177 135
1119 2019 136
1003 2094 137
-1884 -1279 138
524 2271 139
2026 -1287 140
1020 -1456 141
-2158 25 142
487 -2174 143
431 -780 144
-456 -1658 145
397 2086 146
829 -1234 147
-561 -1169 148
-1050 877 149
221 872 150
-468 -315 151
-1196 -1615 152
633 -2183 153
1355 -678 154
-866 1270 155
364 0 156
-636 -674 157
-2307 -918 158
764 189 159
-218 -1932 160
-214 376 161
1673 774 162
1892 212 163
-361 -1038 164
2256 -326 165
331 69 166
1689 -1553 167
655 2223 168
-943 -414 169
-2137 1072 170
1910 -886 171
483 1033 172
-1927 204 173
71 -1480 174
-40 1654 175
33 845 176
172 796 177
-78 2041 178
-1458 -929 179
944 605 180
-1075 2162 181
-35 826 182
-11 -150 183
-779 1021 184
139 1309 185
1119 1122 186
-750 1687 187
1376 -1110 188
-1806 -176 189
1722 245 190
-1735 -576 191
42 -660 192
-869 -1293 193
-495 1392 194
-1904 1230 195
895 2215 196
-908 645 197
1549 773 198
-502 -1292 199
982 -708 200
-1060 1743 201
1305 -2089 202
2066 -459 203
-1506 1239 204
-1408 1306 205
2377 99 206
1125 1635 207
995 1988 208
1152 -1197 209
1388 1186 210
-377 -475 211
-229 1770 212
1469 -541 213
-251 1103 214
-1866 -160 215
-580 -275 216
251 119 217
-1367 -1265 218
-606 637 219
-1249 -748 220
-1974 898 221
839 210 222
1945 1316 223
906 -1990 224
-806 941 225
690 2284 226
616 1407 227
-2452 381 228
-54 694 229
932 1909 230
-694 1499 231
-703 -265 232
1070 1478 233
-2263 685 234
253 812 235
-1148 1328 236
-1455 1875 237
-2280 727 238
1011 -1389 239
1282 -1012 240
-2089 -369 241
605 181 242
-767 1224 243
177 264 244
605 -221 245
953 -434 246
-1830 1352 247
-2074 366 248
-664 -1938 249
-475 -867 250
-546 -1466 251
1379 -1563 252
2120 -715 253
1309 -401 254
521 -1126 255
-1562 -1159 256
48 -1615 257
55 2216 258
574 749 259
-876 -1878 260
2350 -511 261
-1666 -30 262
344 1864 263
1009 535 264
295 -2397 265
941 1515 266
-1636 1051 267
467 1266 268
-1247 1067 269
-1058 1774 270
-288 1908 271
1460 1308 272
-302 140 273
-489 -1791 274
-216 1192 275
-503 1306 276
604 255 277
162 -1011 278
1494 -763 279
406 -384 280
288 -210 281
2383 -237 282
1732 -935 283
-1799 -523 284
829 1502 285
2048 -532 286
1400 1520 287
-1738 -90 288
-685 812 289
-507 8 290
2264 523 291
1376 2034 292
1849 316 293
985 2008 294
209 382 295
1217 -281 296
11 -441 297
-612 -1512 298
-923 84 299
