619 -1544 0
-874 -997 1
-1086 -1429 2
1016 -1581 3
771 1033 4
1654 233 5
-1644 418 6
-272 -1870 7
-1105 -1048 8
69 465 9
-1892 298 10
-1186 932 11
661 872 12
232 -282 13
-1098 -161 14
413 -861 15
1300 -1347 16
859 -269 17
-607 -862 18
-1364 -1119 19
-622 -1582 20
-1621 -444 21
-1604 -530 22
1471 -592 23
472 -917 24
988 -119 25
196 -1489 26
-450 -1678 27
261 -800 28
1397 574 29
533 1626 30
1529 -519 31
364 -1213 32
885 -1716 33
-1813 708 34
-1067 1166 35
-815 -1674 36
1503 -1047 37
-444 -862 38
-143 603 39
1416 -506 40
-1334 -484 41
-545 -1142 42
745 -907 43
799 654 44
-1708 495 45
600 -1300 46
187 986 47
-998 -1331 48
-107 -446 49
621 818 50
281 -1101 51
804 -672 52
1452 1147 53
-1062 1366 54
-708 -357 55
-904 -1729 56
1862 323 57
1589 940 58
-712 -1130 59
684 44 60
-380 1623 61
1745 633 62
-121 -1415 63
-916 -1429 64
-990 1051 65
299 207 66
-924 1059 67
394 -246 68
1677 390 69
-365 -518 70
-1102 -1434 71
87 21 72
-1628 1095 73
570 -1345 74
1244 787 75
-271 442 76
-1740 -424 77
-437 440 78
-83 167 79
266 1525 80
786 952 81
-1531 792 82
1624 199 83
1075 -908 84
1148 625 85
-607 -1544 86
-798 -220 87
-1353 -142 88
957 1587 89
947 -922 90
1980 50 91
1120 -1269 92
79 1738 93
561 -778 94
1447 617 95
79 494 96
-1186 -1374 97
-469 1123 98
-1339 209 99
1778 172 100
453 -673 101
1 -1921 102
-514 1599 103
1406 1304 104
-741 -1020 105
1596 323 106
-1650 997 107
-10 1342 108
181 1136 109
702 -54 110
1878 251 111
-1324 -915 112
161 1573 113
484 -267 114
1804 208 115
1093 989 116
825 -1177 117
920 -724 118
-366 751 119
661 -471 120
-206 1684 121
119 -151 122
-1505 -985 123
409 268 124
-1058 410 125
-1710 899 126
584 -1759 127
1521 -647 128
-1710 105 129
-1026 -860 130
740 -12 131
-1123 208 132
-1459 962 133
338 360 134
-64 -1005 135
1213 -63 136
1307 -333 137
-1603 699 138
-235 -549 139
-266 -317 140
-88 1538 141
758 676 142
646 -1597 143
-1752 -351 144
982 -611 145
1279 1529 146
-1553 -982 147
-1216 -1221 148
196 -163 149
-1426 -272 150
-1249 -860 151
-106 -977 152
-1692 -185 153
1506 254 154
671 214 155
1476 -1032 156
-1319 -336 157
-11 -29 158
-1125 1541 159
-358 1696 160
-401 -914 161
1215 -137 162
-832 -268 163
992 1208 164
276 711 165
942 -7 166
-1366 -1223 167
-785 -1109 168
372 1013 169
220 -1751 170
1063 -716 171
392 -48 172
59 1765 173
1492 175 174
1935 80 175
437 -1722 176
765 1530 177
-1037 -347 178
1646 333 179
-992 371 180
435 -1838 181
536 -1665 182
-283 692 183
390 315 184
141 -705 185
-1164 743 186
933 -714 187
-1023 -913 188
-379 -1464 189
751 643 190
-772 -128 191
-705 1805 192
-123 544 193
306 -1591 194
-1700 202 195
-1127 72 196
-914 -1458 197
1822 -571 198
1601 -1000 199
