619 -1544 0
-874 -997 1
-1086 -1429 2
1016 -1581 3
771 1033 4
1654 233 5
-1644 418 6
-272 -1870 7
-1105 -1048 8
69 465 9
-1892 298 10
-1186 932 11
661 872 12
232 -282 13
-1098 -161 14
413 -861 15
1300 -1347 16
859 -269 17
-607 -862 18
-1364 -1119 19
-622 -1582 20
-1621 -444 21
-1604 -530 22
1471 -592 23
472 -917 24
988 -119 25
196 -1489 26
-450 -1678 27
261 -800 28
1397 574 29
533 1626 30
1529 -519 31
364 -1213 32
885 -1716 33
-1813 708 34
-1067 1166 35
-815 -1674 36
1503 -1047 37
-444 -862 38
-143 603 39
1416 -506 40
-1334 -484 41
-545 -1142 42
745 -907 43
799 654 44
-1708 495 45
600 -1300 46
187 986 47
-998 -1331 48
-107 -446 49
