-1398 -374 0
-497 -586 1
-929 -1081 2
1271 733 3
-1144 918 4
228 -1370 5
-605 -548 6
569 965 7
732 218 8
-598 339 9
913 -361 10
1359 231 11
-107 -362 12
-864 -619 13
-122 -1082 14
-1121 56 15
-1104 -30 16
-92 972 17
-417 -1323 18
696 -989 19
50 -1178 20
761 -300 21
1074 1033 22
-19 864 23
1208 -567 24
-315 -1174 25
-547 -1087 26
56 -362 27
357 1103 28
-6 -834 29
16 -45 30
-642 1245 31
-407 1374 32
1100 -800 33
-498 -831 34
393 54 35
-395 1121 36
-601 1304 37
-172 -1271 38
-562 -1369 39
-208 143 40
-404 -1229 41
-636 823 42
1440 -212 43
-630 1184 44
544 120 45
1133 379 46
-915 -416 47
-929 -490 48
799 707 49
