309 -772 0
-437 -499 1
-543 -715 2
508 -791 3
385 516 4
827 116 5
-822 209 6
-136 -935 7
-553 -524 8
34 232 9
-946 149 10
-593 466 11
330 436 12
116 -141 13
-549 -81 14
206 -431 15
650 -674 16
429 -135 17
-304 -431 18
-682 -560 19
-311 -791 20
-811 -222 21
-802 -265 22
735 -296 23
236 -459 24
494 -60 25
98 -745 26
-225 -839 27
130 -400 28
698 287 29
266 813 30
764 -260 31
182 -607 32
442 -858 33
-907 354 34
-534 583 35
-408 -837 36
751 -524 37
-222 -431 38
-72 301 39
708 -253 40
-667 -242 41
-273 -571 42
372 -454 43
399 327 44
-854 247 45
300 -650 46
93 493 47
-499 -666 48
-54 -223 49
310 409 50
140 -551 51
402 -336 52
726 573 53
-531 683 54
-354 -179 55
-452 -865 56
931 161 57
794 470 58
-356 -565 59
342 22 60
-190 811 61
872 316 62
-61 -708 63
-458 -715 64
-495 525 65
149 103 66
-462 529 67
197 -123 68
838 195 69
-183 -259 70
-551 -717 71
43 10 72
-814 547 73
285 -673 74
622 393 75
-136 221 76
-870 -212 77
-219 220 78
-42 83 79
133 762 80
393 476 81
-766 396 82
812 99 83
537 -454 84
574 312 85
-304 -772 86
-399 -110 87
-677 -71 88
478 793 89
473 -461 90
990 25 91
560 -635 92
39 869 93
280 -389 94
723 308 95
39 247 96
-593 -687 97
-235 561 98
-670 104 99
889 86 100
226 -337 101
0 -961 102
-257 799 103
703 652 104
-371 -510 105
798 161 106
-825 498 107
-5 671 108
90 568 109
351 -27 110
939 125 111
-662 -458 112
80 786 113
242 -134 114
902 104 115
546 494 116
412 -589 117
460 -362 118
-183 375 119
330 -236 120
-103 842 121
59 -76 122
-753 -493 123
204 134 124
-529 205 125
-855 449 126
292 -880 127
760 -324 128
-855 52 129
-513 -430 130
370 -6 131
-562 104 132
-730 481 133
169 180 134
-32 -503 135
606 -32 136
653 -167 137
-802 349 138
-118 -275 139
-133 -159 140
-44 769 141
379 338 142
323 -799 143
-876 -176 144
491 -306 145
639 764 146
-777 -491 147
-608 -611 148
98 -82 149
-713 -136 150
-625 -430 151
-53 -489 152
-846 -93 153
753 127 154
335 107 155
738 -516 156
-660 -168 157
-6 -15 158
-563 770 159
-179 848 160
-201 -457 161
607 -69 162
-416 -134 163
496 604 164
138 355 165
471 -4 166
-683 -612 167
-393 -555 168
186 506 169
110 -876 170
531 -358 171
196 -24 172
29 882 173
746 87 174
967 40 175
218 -861 176
382 765 177
-519 -174 178
823 166 179
-496 185 180
217 -919 181
268 -833 182
-142 346 183
195 157 184
70 -353 185
-582 371 186
466 -357 187
-512 -457 188
-190 -732 189
375 321 190
-386 -64 191
-353 902 192
-62 272 193
153 -796 194
-850 101 195
-564 36 196
-457 -729 197
911 -286 198
800 -500 199
-244 -417 200
-677 -103 201
707 112 202
440 -381 203
252 652 204
339 83 205
673 135 206
-387 908 207
358 -788 208
-725 -459 209
-781 520 210
133 -682 211
-443 -423 212
238 -569 213
469 -298 214
-584 407 215
298 746 216
-460 35 217
0 -486 218
-811 299 219
-133 698 220
579 -733 221
304 -464 222
-670 518 223
-96 129 224
445 -125 225
148 -981 226
415 851 227
-695 117 228
-244 192 229
131 -697 230
-120 -739 231
-915 -369 232
-254 841 233
-268 -570 234
396 -489 235
365 -790 236
-276 597 237
146 810 238
791 -168 239
534 -684 240
-516 770 241
638 660 242
-156 -950 243
-633 508 244
893 -320 245
-157 642 246
371 769 247
505 660 248
-492 -454 249
-674 612 250
436 -779 251
-217 786 252
-37 -545 253
-592 672 254
880 -58 255
-284 -375 256
680 628 257
784 -534 258
351 -605 259
-184 -328 260
-430 770 261
583 -429 262
-281 313 263
43 -182 264
391 727 265
98 -322 266
-635 189 267
221 -111 268
-293 492 269
610 -358 270
-107 241 271
47 -764 272
-212 842 273
180 -611 274
451 -107 275
-997 64 276
102 406 277
519 509 278
373 -597 279
-255 -117 280
360 885 281
-324 276 282
-358 358 283
474 843 284
-385 38 285
-367 365 286
-164 -332 287
-176 427 288
-395 135 289
-740 -608 290
-139 361 291
925 -224 292
387 532 293
260 165 294
-384 -169 295
122 707 296
-413 -570 297
-120 609 298
187 242 299
